//;machine=10 (c64m)
	.byte 0,192,240,0,48,207,51,15
	.byte 0,0,0,0,0,0,0,192
	.byte 12,3,0,0,0,0,0,0
	.byte 192,48,204,51,12,3,12,3
	.byte 0,3,12,3,0,0,144,32
	.byte 3,3,192,0,192,48,12,3
	.byte 0,3,204,3,32,19,8,11
	.byte 0,0,204,3,204,3,204,3
	.byte 12,3,3,3,0,0,192,0
	.byte 0,0,0,2,8,174,238,255
	.byte 2,3,11,43,43,15,47,203
	.byte 0,128,192,74,98,204,211,220
	.byte 3,12,3,204,51,204,51,172
	.byte 3,204,63,206,254,255,255,255
	.byte 42,138,250,255,255,253,255,255
	.byte 95,110,187,238,187,239,191,255
	.byte 243,252,191,255,191,252,255,255
	.byte 63,204,51,204,51,252,63,254
	.byte 51,204,51,204,63,255,63,254
	.byte 255,255,255,255,249,238,250,234
	.byte 123,175,191,174,190,190,186,254
	.byte 254,251,254,251,254,219,126,255
	.byte 234,234,235,254,127,223,127,95
	.byte 255,255,243,207,243,252,243,188
	.byte 174,248,238,255,255,255,51,207
	.byte 51,204,51,252,191,175,187,174
	.byte 51,204,63,206,51,207,243,204
	.byte 51,204,243,236,187,239,251,239
	.byte 51,204,51,204,51,207,51,207
	.byte 255,255,120,219,123,251,123,251
	.byte 48,12,48,195,48,195,48,51
	.byte 192,48,192,51,204,51,204,51
	.byte 60,60,255,56,207,59,207,60
	.byte 60,243,204,243,204,51,204,48
	.byte 0,3,14,59,207,51,227,191
	.byte 0,131,206,243,206,51,200,59
	.byte 192,0,192,48,192,48,192,0
	.byte 12,3,12,48,44,48,204,179
	.byte 192,3,12,51,12,48,12,176
	.byte 12,3,12,48,12,48,204,48

	.byte 3,3,2,0,0,0,0,128
	.byte 243,204,243,243,44,44,11,11
	.byte 0,240,60,252,55,11,10,3
	.byte 0,0,0,0,0,0,192,128
	.byte 8,2,0,0,12,3,12,3
	.byte 0,0,64,0,44,10,195,0
	.byte 8,3,1,2,3,0,48,252
	.byte 128,0,128,128,194,248,250,255
	.byte 192,51,204,51,0,12,51,136
	.byte 29,47,27,57,58,198,62,205
	.byte 240,204,241,204,243,188,191,254
	.byte 231,236,127,250,250,206,51,207
	.byte 61,207,63,207,191,175,191,239
	.byte 234,234,234,251,255,255,127,255
	.byte 255,252,251,255,251,239,251,251
	.byte 63,255,51,204,243,207,51,206
	.byte 255,254,251,254,251,238,186,234
	.byte 174,187,239,191,255,253,247,255
	.byte 95,247,255,255,255,255,250,171
	.byte 255,255,255,255,255,191,238,190
	.byte 250,238,250,238,190,255,255,254
	.byte 191,255,254,251,238,171,239,191
	.byte 253,255,255,255,255,239,191,255
	.byte 165,165,229,250,250,254,254,255
	.byte 51,207,243,204,243,188,127,169
	.byte 251,254,63,207,62,206,254,125
	.byte 146,216,214,246,246,254,255,255
	.byte 251,255,251,255,255,254,121,118
	.byte 51,207,223,255,255,111,187,174
	.byte 223,220,223,236,227,144,144,188
	.byte 44,35,44,35,60,51,60,192
	.byte 204,51,204,51,204,51,204,243
	.byte 236,63,224,176,240,176,128,128
	.byte 192,51,192,3,14,51,63,59
	.byte 204,180,252,188,255,255,126,126
	.byte 44,63,47,252,239,188,240,240
	.byte 2,203,11,36,47,44,47,191
	.byte 204,240,12,243,206,243,206,50
	.byte 192,176,192,176,192,243,204,51
	.byte 0,0,0,3,12,51,12,48

	.byte 48,12,0,12,131,112,112,176
	.byte 3,3,3,0,0,128,32,0
	.byte 192,192,176,96,92,44,8,7
	.byte 176,44,4,13,3,48,12,51
	.byte 0,0,0,128,160,240,60,15
	.byte 192,48,204,48,12,3,12,3
	.byte 243,56,10,61,194,48,204,48
	.byte 63,199,54,198,126,234,234,250
	.byte 51,207,243,252,179,108,111,175
	.byte 51,207,243,204,51,252,51,252
	.byte 127,183,127,239,239,215,59,251
	.byte 179,108,235,228,250,249,249,253
	.byte 255,247,54,254,61,255,190,190
	.byte 251,238,251,238,249,121,109,157
	.byte 251,249,246,246,246,126,190,182
	.byte 63,206,255,255,191,254,187,110
	.byte 255,126,255,254,251,255,254,234
	.byte 171,190,251,191,255,251,255,81
	.byte 187,255,255,255,255,255,255,94
	.byte 191,238,187,239,255,255,191,175
	.byte 191,254,255,239,255,255,255,255
	.byte 170,234,250,254,251,255,255,255
	.byte 255,254,191,238,251,186,170,85
	.byte 255,239,191,238,187,238,171,90
	.byte 238,251,254,255,127,223,127,223
	.byte 215,213,191,255,187,238,251,174
	.byte 166,164,166,231,231,247,247,215
	.byte 58,198,62,206,50,205,49,205
	.byte 223,255,239,250,238,251,254,251
	.byte 112,124,127,107,174,107,158,91
	.byte 243,207,243,207,58,202,250,122
	.byte 195,243,255,255,191,187,187,155
	.byte 128,192,195,204,51,207,255,255
	.byte 63,247,223,246,222,123,233,169
	.byte 251,126,235,238,187,185,185,229
	.byte 240,194,194,206,206,255,127,127
	.byte 191,243,192,240,192,51,207,63
	.byte 3,63,204,63,255,60,252,156
	.byte 60,51,204,243,204,48,195,63
	.byte 195,15,243,12,51,203,35,143

	.byte 16,60,12,0,2,0,0,0
	.byte 0,0,0,0,0,192,226,48
	.byte 2,0,0,0,0,48,12,255
	.byte 12,131,176,176,48,12,12,3
	.byte 207,63,194,51,12,0,0,16
	.byte 0,0,224,216,114,60,15,11
	.byte 204,0,3,0,3,12,51,188
	.byte 39,141,51,143,51,204,51,204
	.byte 175,175,107,218,246,245,253,250
	.byte 255,255,255,255,239,171,122,110
	.byte 58,253,254,255,255,255,234,170
	.byte 246,254,253,127,191,111,111,239
	.byte 234,251,234,255,191,187,122,122
	.byte 246,185,249,186,238,190,238,251
	.byte 251,254,251,254,251,239,250,250
	.byte 218,250,234,235,234,251,254,251
	.byte 96,192,192,192,192,192,192,192
	.byte 2,63,47,47,47,31,31,31
	.byte 255,255,255,255,248,248,240,240
	.byte 170,254,255,255,127,15,1,1
	.byte 255,255,254,170,170,173,213,213
	.byte 246,106,165,175,127,127,255,255
	.byte 255,255,143,143,143,79,15,79
	.byte 254,254,254,254,254,254,254,254
	.byte 191,254,191,254,191,238,190,239
	.byte 253,247,245,251,174,235,250,234
	.byte 238,183,231,171,235,187,235,183
	.byte 34,138,171,239,255,223,95,255
	.byte 254,253,255,239,187,238,251,234
	.byte 251,254,187,254,191,253,253,245
	.byte 191,111,191,111,190,109,189,121
	.byte 103,167,191,191,191,191,175,175
	.byte 95,255,253,253,239,239,190,190
	.byte 126,223,251,251,239,237,173,175
	.byte 223,191,191,191,191,190,250,235
	.byte 232,234,175,175,175,255,255,255
	.byte 171,175,254,173,253,253,255,215
	.byte 224,104,106,175,238,254,254,247
	.byte 255,190,223,88,115,168,226,140
	.byte 51,143,63,207,43,139,42,138

	.byte 0,192,3,51,15,14,3,2
	.byte 44,63,63,255,255,255,191,111
	.byte 63,15,0,131,128,176,224,200
	.byte 3,51,252,15,195,51,204,51
	.byte 40,8,200,242,242,254,52,53
	.byte 3,63,63,61,253,255,254,254
	.byte 191,235,250,255,255,175,239,123
	.byte 243,191,159,171,247,255,189,109
	.byte 249,250,249,234,238,255,190,174
	.byte 186,255,255,255,255,191,171,171
	.byte 191,255,175,239,187,175,237,187
	.byte 121,234,155,190,255,126,127,254
	.byte 254,254,255,255,255,191,255,254
	.byte 255,255,253,255,191,191,175,159
	.byte 191,239,235,235,238,186,190,186
	.byte 250,251,254,191,251,191,239,191
	.byte 192,192,192,192,192,192,224,214
	.byte 47,47,47,47,47,47,47,47
	.byte 240,240,240,240,240,240,240,240
	.byte 3,3,3,3,2,2,3,3
	.byte 170,175,175,191,191,255,189,245
	.byte 171,175,175,188,179,252,243,204
	.byte 15,143,15,143,15,15,15,15
	.byte 254,254,254,254,254,254,254,126
	.byte 250,251,254,255,255,255,255,239
	.byte 255,191,237,186,234,187,238,251
	.byte 246,246,254,239,251,239,251,239
	.byte 222,90,218,255,255,127,175,187
	.byte 158,159,238,175,254,251,245,250
	.byte 250,250,250,250,255,255,255,223
	.byte 223,95,123,251,255,238,234,234
	.byte 247,223,255,223,255,239,175,191
	.byte 127,127,118,126,186,122,106,187
	.byte 95,175,175,191,191,253,247,253
	.byte 125,253,248,248,248,250,254,255
	.byte 170,171,175,175,175,127,123,255
	.byte 223,255,255,255,255,255,239,191
	.byte 186,233,230,245,253,253,254,254
	.byte 163,175,175,175,238,255,174,187
	.byte 51,207,179,191,191,255,191,239

	.byte 195,240,51,60,195,252,15,12
	.byte 122,220,182,232,57,124,62,222
	.byte 62,194,63,207,48,204,51,140
	.byte 12,3,128,224,240,252,12,195
	.byte 10,10,10,11,15,47,47,31
	.byte 235,255,127,159,222,250,183,234
	.byte 175,169,173,255,255,255,214,215
	.byte 237,170,170,171,239,255,255,250
	.byte 255,255,255,255,255,255,255,255
	.byte 255,239,187,174,171,171,238,255
	.byte 121,123,246,253,254,255,175,239
	.byte 255,174,235,123,94,255,255,253
	.byte 254,254,254,254,254,255,255,255
	.byte 155,190,183,231,239,123,91,94
	.byte 187,250,251,122,126,126,222,222
	.byte 175,175,175,175,239,171,239,187
	.byte 189,183,189,183,189,191,189,191
	.byte 131,208,192,192,192,192,128,192
	.byte 240,48,0,4,11,11,11,11
	.byte 0,0,0,0,192,246,255,255
	.byte 90,106,90,64,31,255,255,255
	.byte 32,128,0,192,192,192,192,192
	.byte 135,15,15,15,15,15,15,15
	.byte 254,254,254,254,254,254,254,254
	.byte 251,239,187,238,187,238,187,254
	.byte 250,255,255,255,190,255,189,239
	.byte 255,254,255,255,239,191,255,255
	.byte 253,253,253,254,254,191,191,191
	.byte 255,189,191,191,191,255,255,255
	.byte 95,215,251,234,251,235,235,239
	.byte 255,255,253,255,255,255,159,175
	.byte 191,127,191,110,185,105,151,231
	.byte 122,123,250,250,251,235,239,255
	.byte 123,107,123,239,251,255,255,187
	.byte 255,239,191,239,191,239,254,186
	.byte 253,246,219,235,175,187,175,191
	.byte 255,255,251,239,251,255,255,188
	.byte 253,255,253,255,254,250,254,59
	.byte 171,175,239,255,127,255,118,221
	.byte 174,186,235,175,189,253,215,87

	.byte 195,240,140,128,40,56,62,14
	.byte 44,255,63,207,60,207,51,75
	.byte 236,47,203,250,242,60,15,195
	.byte 51,12,195,240,243,251,234,235
	.byte 175,191,239,235,183,239,190,186
	.byte 237,186,191,191,255,255,254,190
	.byte 127,254,218,126,255,255,123,254
	.byte 219,246,181,170,239,251,255,235
	.byte 175,251,186,238,187,175,239,255
	.byte 255,255,255,191,191,175,239,235
	.byte 110,90,181,253,191,191,175,175
	.byte 255,238,251,126,90,182,165,187
	.byte 230,245,253,254,255,254,239,106
	.byte 222,214,151,167,235,123,254,255
	.byte 223,254,191,191,239,239,239,171
	.byte 239,251,239,251,254,187,254,191
	.byte 191,191,191,191,135,144,128,128
	.byte 192,64,192,192,192,224,0,0
	.byte 11,11,11,11,11,11,11,11
	.byte 255,255,255,255,255,255,255,255
	.byte 255,255,255,255,255,255,255,255
	.byte 192,192,192,192,192,192,192,192
	.byte 15,15,15,15,15,15,13,11
	.byte 254,254,254,254,254,222,126,254
	.byte 187,254,251,254,251,254,251,254
	.byte 191,239,191,239,189,237,191,255
	.byte 255,239,191,238,251,239,255,238
	.byte 239,191,239,187,239,187,175,187
	.byte 255,255,255,255,255,255,239,251
	.byte 250,250,238,251,254,247,254,254
	.byte 110,165,165,167,175,175,191,255
	.byte 249,234,235,239,175,175,187,255
	.byte 171,238,251,126,127,95,127,125
	.byte 119,253,255,255,255,187,170,170
	.byte 119,255,255,255,255,251,175,171
	.byte 187,238,251,239,251,255,255,253
	.byte 236,188,239,191,171,174,111,155
	.byte 239,247,237,247,191,255,191,238
	.byte 87,127,223,126,251,238,171,171
	.byte 249,239,187,239,191,239,191,239

	.byte 15,12,3,204,51,12,51,12
	.byte 115,159,151,181,45,139,35,139
	.byte 243,240,195,243,175,111,154,166
	.byte 186,239,250,254,254,255,255,175
	.byte 255,255,187,190,186,238,171,186
	.byte 234,234,218,246,253,191,239,250
	.byte 154,250,122,250,254,254,223,95
	.byte 255,191,191,175,175,175,175,253
	.byte 186,238,251,255,255,239,247,89
	.byte 245,245,245,189,191,175,171,174
	.byte 171,238,251,254,255,191,127,95
	.byte 251,254,251,254,250,238,186,237
	.byte 187,238,251,234,235,254,251,255
	.byte 251,255,191,239,187,239,187,238
	.byte 171,235,250,238,250,254,191,239
	.byte 238,191,175,235,239,251,255,191
	.byte 224,192,192,224,192,224,224,224
	.byte 44,37,45,47,47,15,47,15
	.byte 11,131,240,120,120,120,112,112
	.byte 255,255,127,15,2,0,2,0
	.byte 255,255,254,224,0,0,0,0
	.byte 192,192,0,0,0,0,0,0
	.byte 15,15,15,15,15,15,15,15
	.byte 254,254,254,254,254,254,254,254
	.byte 255,254,255,255,255,239,255,239
	.byte 191,255,187,239,251,255,223,223
	.byte 234,251,234,250,234,235,254,255
	.byte 239,171,239,171,175,186,171,255
	.byte 251,238,251,254,251,254,251,254
	.byte 253,239,255,110,251,126,255,126
	.byte 255,255,251,255,127,254,127,254
	.byte 191,239,191,239,255,239,251,255
	.byte 251,253,187,239,251,255,255,255
	.byte 255,238,191,239,251,239,251,254
	.byte 247,253,191,239,187,238,251,254
	.byte 255,255,255,191,191,255,127,222
	.byte 185,239,251,254,251,238,186,238
	.byte 187,238,250,219,238,155,89,111
	.byte 171,174,251,239,191,239,243,240
	.byte 255,254,251,254,251,254,247,223

	.byte 195,252,63,47,11,203,254,206
	.byte 50,207,47,207,243,255,255,247
	.byte 169,169,169,86,254,255,255,255
	.byte 170,250,254,190,95,93,223,247
	.byte 255,255,255,255,159,167,89,166
	.byte 245,255,182,119,127,190,254,175
	.byte 175,111,191,255,255,191,175,239
	.byte 251,239,187,255,255,247,189,237
	.byte 214,218,249,250,254,174,239,250
	.byte 159,175,167,39,5,3,3,173
	.byte 255,127,126,190,253,111,251,186
	.byte 249,234,250,235,234,250,254,255
	.byte 191,191,255,251,191,175,175,175
	.byte 250,255,255,190,191,255,253,255
	.byte 234,250,190,94,223,123,110,123
	.byte 191,191,235,187,235,234,251,175
	.byte 224,232,216,246,255,255,255,255
	.byte 15,15,15,15,79,175,171,170
	.byte 244,240,248,248,240,248,240,240
	.byte 3,0,0,0,0,3,0,0
	.byte 0,0,0,0,0,0,0,0
	.byte 0,0,0,0,0,0,0,14
	.byte 15,15,15,15,15,14,106,170
	.byte 171,171,171,175,255,253,119,253
	.byte 251,238,251,254,251,254,255,255
	.byte 239,251,239,251,255,255,255,255
	.byte 255,255,254,255,254,255,254,254
	.byte 254,255,254,191,255,191,239,191
	.byte 238,187,239,175,255,255,253,253
	.byte 255,254,251,222,91,110,91,255
	.byte 191,255,191,255,255,255,255,223
	.byte 191,255,187,238,187,239,255,255
	.byte 255,254,191,254,255,255,255,223
	.byte 251,254,120,252,124,252,255,255
	.byte 251,254,187,126,59,46,59,46
	.byte 223,127,254,255,254,255,255,250
	.byte 254,251,234,234,234,234,250,255
	.byte 217,230,233,174,239,255,255,255
	.byte 192,130,234,171,234,251,255,254
	.byte 253,255,191,191,237,189,254,250

	.byte 14,195,51,207,51,207,51,207
	.byte 254,251,254,255,254,255,255,207
	.byte 189,239,189,253,187,239,191,255
	.byte 254,127,159,167,235,186,174,235
	.byte 255,191,191,107,107,175,123,191
	.byte 170,166,229,251,254,254,255,251
	.byte 253,255,255,255,255,215,250,250
	.byte 255,255,223,247,186,234,234,234
	.byte 233,234,250,250,254,255,255,255
	.byte 189,229,249,239,187,174,255,238
	.byte 255,237,239,165,253,239,159,231
	.byte 121,222,123,255,127,238,251,255
	.byte 218,169,249,254,255,253,255,255
	.byte 170,234,234,254,127,223,215,235
	.byte 255,254,255,254,255,126,127,254
	.byte 239,190,175,187,239,187,239,187
	.byte 251,254,191,255,255,255,255,221
	.byte 187,238,187,238,255,255,127,223
	.byte 244,254,191,239,255,238,191,254
	.byte 2,0,226,246,255,255,127,223
	.byte 0,2,47,127,255,255,255,255
	.byte 47,255,255,255,255,253,255,255
	.byte 251,238,187,238,191,255,253,245
	.byte 119,253,127,255,255,251,234,187
	.byte 250,250,254,255,254,250,234,187
	.byte 255,195,193,145,177,189,175,239
	.byte 254,254,254,127,110,123,250,251
	.byte 175,175,239,175,255,255,253,247
	.byte 235,190,255,255,254,251,238,191
	.byte 191,255,191,252,252,189,253,189
	.byte 187,239,251,126,59,62,63,31
	.byte 255,254,254,250,186,230,153,86
	.byte 238,187,238,251,238,255,255,255
	.byte 255,255,191,238,186,234,150,230
	.byte 239,191,235,191,254,255,255,255
	.byte 127,255,251,238,186,123,154,170
	.byte 250,250,250,254,186,250,190,250
	.byte 255,255,254,255,254,251,254,250
	.byte 255,255,191,255,255,255,255,255
	.byte 235,174,171,174,175,191,159,255

	.byte 51,204,63,207,51,207,255,235
	.byte 63,251,53,245,231,167,175,175
	.byte 239,239,255,255,111,171,170,106
	.byte 235,250,254,255,255,255,255,127
	.byte 127,189,237,255,175,175,173,249
	.byte 246,245,249,254,251,254,255,255
	.byte 255,191,175,175,171,111,159,231
	.byte 234,234,218,218,254,253,253,255
	.byte 171,131,131,131,131,207,79,223
	.byte 250,250,254,254,255,254,255,253
	.byte 154,102,90,122,251,255,251,255
	.byte 251,255,251,238,186,248,244,244
	.byte 238,251,254,127,15,15,63,95
	.byte 105,122,174,251,254,255,255,255
	.byte 175,187,239,171,255,255,255,255
	.byte 221,118,223,254,251,254,251,254
	.byte 255,123,235,251,255,255,255,255
	.byte 187,238,251,255,191,238,187,239
	.byte 191,255,187,238,187,238,187,254
	.byte 255,255,255,254,187,238,187,231
	.byte 255,255,255,238,185,238,169,169
	.byte 221,165,165,183,239,189,175,189
	.byte 245,255,191,191,255,255,239,186
	.byte 213,255,255,255,127,239,251,250
	.byte 238,186,235,250,254,254,255,255
	.byte 175,175,175,175,175,175,175,255
	.byte 250,251,250,251,250,250,254,255
	.byte 250,250,254,251,254,95,223,95
	.byte 187,238,251,254,191,190,191,174
	.byte 255,127,255,250,234,250,214,117
	.byte 31,223,255,254,250,174,170,170
	.byte 174,107,94,87,221,250,254,251
	.byte 255,254,251,239,251,238,187,171
	.byte 122,126,123,254,255,255,255,255
	.byte 231,247,247,255,255,239,187,239
	.byte 254,254,251,238,251,254,238,234
	.byte 255,255,255,254,253,255,249,166
	.byte 123,110,187,255,191,239,191,239
	.byte 238,251,110,254,250,250,255,254
	.byte 174,190,251,190,175,111,191,190

	.byte 58,254,58,238,43,251,63,255
	.byte 175,171,190,238,189,253,253,249
	.byte 213,213,234,238,234,250,126,255
	.byte 255,255,255,245,221,218,234,170
	.byte 171,255,219,191,175,191,255,127
	.byte 254,254,255,255,255,250,254,251
	.byte 166,238,191,190,187,254,191,255
	.byte 255,255,255,255,255,255,255,191
	.byte 170,234,190,239,187,239,191,255
	.byte 175,191,255,251,251,247,247,247
	.byte 239,239,235,239,239,235,106,250
	.byte 160,163,161,175,191,191,189,189
	.byte 159,155,103,155,175,159,189,127
	.byte 255,255,255,254,255,239,255,187
	.byte 255,239,190,238,251,255,251,238
	.byte 174,171,189,255,238,174,175,191
	.byte 119,157,126,253,190,185,250,106
	.byte 119,158,126,170,103,191,127,185
	.byte 254,255,191,175,191,250,185,237
	.byte 126,110,127,111,127,126,187,251
	.byte 253,237,185,174,185,173,253,181
	.byte 191,175,175,169,107,173,191,223
	.byte 183,255,251,238,191,175,170,170
	.byte 171,235,234,250,126,255,119,255
	.byte 234,250,126,126,126,127,94,106
	.byte 255,255,223,255,255,255,191,255
	.byte 255,255,247,214,251,254,255,255
	.byte 127,255,255,239,187,238,186,250
	.byte 175,174,239,175,191,239,255,255
	.byte 230,189,255,191,191,190,186,170
	.byte 255,191,255,191,255,175,175,191
	.byte 254,191,254,191,238,250,238,250
	.byte 255,255,255,255,255,255,255,255
	.byte 255,255,254,255,255,255,254,187
	.byte 174,186,174,191,255,255,255,215
	.byte 255,255,255,255,238,170,238,170
	.byte 254,255,250,255,190,187,237,185
	.byte 127,255,127,255,251,254,234,186
	.byte 95,127,255,127,250,250,250,238
	.byte 121,101,169,171,111,255,255,255

	.byte 62,207,63,207,255,207,62,255
	.byte 250,250,250,246,126,250,250,214
	.byte 125,255,250,238,234,250,250,250
	.byte 255,250,190,190,174,191,175,175
	.byte 251,238,251,255,255,255,255,255
	.byte 191,239,191,255,255,255,255,255
	.byte 191,254,255,255,255,255,255,255
	.byte 255,255,255,255,251,170,174,171
	.byte 94,123,222,123,238,187,230,183
	.byte 251,254,251,254,251,254,187,254
	.byte 249,254,190,109,234,250,254,254
	.byte 159,159,94,123,126,239,255,191
	.byte 215,91,222,218,222,250,190,190
	.byte 170,0,42,31,31,31,31,63
	.byte 110,11,71,163,227,243,247,243
	.byte 255,247,227,243,243,179,227,179
	.byte 250,181,160,176,224,225,246,179
	.byte 187,238,255,175,123,46,47,95
	.byte 247,251,243,243,243,243,243,243
	.byte 255,192,255,238,186,171,190,170
	.byte 255,0,143,207,203,207,203,203
	.byte 238,11,251,191,239,191,250,234
	.byte 170,0,42,31,63,31,63,31
	.byte 106,27,14,71,210,243,242,243
	.byte 246,197,205,205,142,206,202,142
	.byte 246,240,226,203,199,207,207,199
	.byte 31,3,225,248,252,254,255,255
	.byte 254,250,255,254,255,239,251,238
	.byte 254,254,254,186,238,187,174,187
	.byte 170,237,255,255,251,255,255,255
	.byte 87,127,223,191,175,171,173,171
	.byte 187,175,251,239,191,239,191,255
	.byte 254,255,254,255,254,255,254,254
	.byte 171,254,235,254,239,240,208,240
	.byte 102,106,107,175,127,191,63,63
	.byte 106,237,255,254,255,255,254,255
	.byte 95,175,190,187,175,175,191,191
	.byte 191,175,191,239,191,255,255,238
	.byte 250,239,251,254,254,254,254,255
	.byte 175,191,255,255,255,255,255,255

	.byte 255,254,170,171,232,255,241,178
	.byte 249,249,254,254,249,249,249,245
	.byte 175,175,175,191,191,255,255,255
	.byte 255,255,255,255,251,238,155,230
	.byte 255,191,175,175,175,191,239,255
	.byte 255,254,250,234,235,235,235,235
	.byte 175,191,237,253,253,252,252,248
	.byte 191,47,63,11,11,9,57,22
	.byte 255,191,191,191,175,171,175,171
	.byte 222,87,213,183,229,186,174,250
	.byte 254,190,126,158,126,158,190,191
	.byte 187,126,187,254,255,191,191,127
	.byte 187,239,187,239,187,239,191,239
	.byte 59,46,21,0,46,63,63,63
	.byte 227,215,75,11,147,242,249,248
	.byte 178,227,183,247,243,243,247,243
	.byte 243,179,243,243,243,243,243,247
	.byte 139,215,227,226,245,248,252,254
	.byte 243,243,243,243,243,243,243,114
	.byte 255,255,191,255,187,239,187,254
	.byte 207,207,207,207,143,207,143,207
	.byte 247,255,255,255,191,255,187,239
	.byte 43,47,47,43,21,0,21,47
	.byte 243,243,147,71,6,27,42,27
	.byte 207,206,206,206,203,142,143,142
	.byte 219,226,240,248,254,255,255,255
	.byte 239,187,111,7,66,244,248,252
	.byte 255,255,255,255,255,255,191,255
	.byte 251,254,251,255,251,255,187,223
	.byte 255,254,252,252,248,240,114,255
	.byte 255,62,59,46,57,238,187,238
	.byte 191,254,187,238,185,110,91,86
	.byte 253,255,253,171,106,170,105,189
	.byte 252,252,246,254,246,222,250,250
	.byte 42,10,10,9,231,237,255,215
	.byte 254,255,191,239,187,111,187,95
	.byte 255,246,254,250,250,250,250,255
	.byte 230,186,191,255,191,111,95,171
	.byte 127,191,95,175,103,171,105,105
	.byte 171,254,255,255,255,254,251,126

	.byte 70,74,27,31,111,111,175,191
	.byte 254,254,254,246,246,250,250,250
	.byte 255,255,254,251,254,234,234,234
	.byte 191,255,255,255,255,255,255,255
	.byte 250,254,254,250,250,250,254,254
	.byte 255,190,175,175,175,175,175,171
	.byte 172,189,191,235,187,234,250,254
	.byte 126,254,254,238,191,239,251,174
	.byte 234,250,255,191,191,255,127,126
	.byte 187,255,255,254,251,237,185,229
	.byte 165,181,237,185,253,254,254,255
	.byte 245,245,249,254,251,238,187,234
	.byte 255,255,255,255,191,111,175,191
	.byte 63,63,63,63,63,42,0,149
	.byte 248,248,249,245,242,147,11,111
	.byte 243,243,243,243,243,251,251,247
	.byte 251,251,243,251,251,243,251,247
	.byte 253,239,255,254,251,255,186,238
	.byte 50,99,130,195,210,227,242,251
	.byte 254,187,255,255,255,255,255,255
	.byte 202,203,206,203,206,139,207,170
	.byte 238,191,255,254,255,255,255,255
	.byte 62,58,62,59,62,59,58,107
	.byte 111,159,207,219,231,243,242,251
	.byte 207,206,203,207,207,206,207,223
	.byte 187,254,239,207,135,226,176,228
	.byte 253,253,253,252,248,161,2,11
	.byte 191,159,159,155,251,255,255,255
	.byte 175,173,175,173,111,173,111,159
	.byte 255,255,255,255,255,255,255,255
	.byte 251,254,251,254,251,254,249,246
	.byte 255,222,255,254,255,254,255,254
	.byte 222,87,214,151,234,175,255,255
	.byte 170,170,238,187,254,223,127,223
	.byte 171,234,246,233,246,253,191,175
	.byte 90,94,127,254,251,250,251,254
	.byte 255,255,255,191,255,175,235,187
	.byte 171,169,237,187,239,191,191,175
	.byte 239,255,191,255,191,255,255,255
	.byte 123,126,123,126,123,126,251,238

	.byte 191,189,156,86,238,252,116,250
	.byte 165,181,54,250,246,231,59,43
	.byte 255,255,255,255,47,15,15,7
	.byte 174,167,191,255,255,247,215,223
	.byte 255,255,255,191,191,111,239,239
	.byte 170,234,255,254,254,255,255,247
	.byte 255,255,127,119,86,170,170,186
	.byte 169,110,111,126,255,255,255,255
	.byte 88,84,152,228,184,236,248,255
	.byte 127,191,127,191,63,63,46,14
	.byte 251,238,187,238,191,239,185,239
	.byte 226,178,242,176,224,224,80,92
	.byte 191,191,191,239,171,111,123,110
	.byte 255,255,255,255,255,239,255,255
	.byte 191,239,191,238,251,254,251,238
	.byte 255,255,191,239,187,239,191,255
	.byte 255,255,255,255,255,254,251,238
	.byte 251,239,251,254,255,255,119,221
	.byte 255,191,255,191,183,153,102,217
	.byte 255,254,251,238,189,101,153,102
	.byte 190,251,170,253,247,253,119,223
	.byte 234,170,174,187,238,250,255,255
	.byte 255,255,191,255,191,239,190,170
	.byte 191,239,187,238,251,254,255,175
	.byte 251,239,187,254,255,255,190,253
	.byte 191,255,255,247,245,185,238,187
	.byte 250,230,214,246,253,191,175,191
	.byte 175,187,170,254,254,255,111,109
	.byte 222,250,246,210,194,66,6,30
	.byte 254,255,254,255,254,250,238,186
	.byte 234,238,234,234,250,255,247,223
	.byte 255,255,255,187,175,171,170,170
	.byte 90,239,171,175,175,255,255,213
	.byte 251,235,191,174,191,190,191,175
	.byte 250,254,254,222,119,195,67,15
	.byte 251,255,251,255,255,223,223,222
	.byte 186,254,251,238,251,222,218,222
	.byte 250,255,251,254,250,253,250,253
	.byte 255,255,254,253,253,250,250,250
	.byte 251,238,251,238,251,127,95,85

	.byte 164,172,236,241,215,254,10,218
	.byte 54,238,205,193,163,131,67,65
	.byte 79,79,79,207,202,203,203,231
	.byte 191,175,255,175,239,175,235,171
	.byte 255,95,223,175,239,239,239,255
	.byte 150,206,91,63,55,43,43,111
	.byte 255,255,251,255,249,233,251,237
	.byte 255,254,251,110,91,110,249,222
	.byte 239,238,239,190,182,167,173,175
	.byte 15,207,223,255,255,255,255,254
	.byte 255,255,255,255,255,127,155,171
	.byte 252,253,255,255,255,254,191,238
	.byte 59,62,255,255,191,255,191,255
	.byte 187,238,187,230,249,246,255,254
	.byte 187,238,251,254,251,126,189,253
	.byte 255,255,191,239,187,238,187,238
	.byte 191,239,251,238,187,239,187,238
	.byte 187,255,255,238,187,238,245,245
	.byte 255,255,254,230,250,234,234,235
	.byte 103,191,254,255,250,251,251,255
	.byte 254,186,238,186,238,186,254,253
	.byte 238,251,253,253,189,235,187,235
	.byte 255,191,127,123,191,191,127,187
	.byte 254,255,175,187,255,254,254,255
	.byte 169,173,255,254,254,255,255,174
	.byte 11,1,129,230,251,254,255,254
	.byte 234,250,250,250,190,254,190,255
	.byte 232,235,249,251,250,250,250,254
	.byte 63,239,171,234,186,254,255,255
	.byte 255,255,255,255,255,255,255,222
	.byte 251,239,251,239,187,239,191,239
	.byte 255,255,255,255,255,254,250,251
	.byte 217,229,237,239,235,251,254,190
	.byte 191,239,251,239,255,254,255,254
	.byte 15,239,255,238,171,238,155,126
	.byte 90,123,122,251,254,255,254,251
	.byte 218,223,94,251,107,239,111,175
	.byte 237,111,111,159,189,183,191,191
	.byte 175,175,159,111,223,183,167,182
	.byte 191,255,239,238,223,223,239,231

	.byte 246,247,250,250,246,218,218,218
	.byte 192,48,0,192,0,32,23,203
	.byte 2,2,2,1,1,3,48,243
	.byte 63,15,195,141,133,182,141,141
	.byte 218,122,250,234,238,254,240,248
	.byte 105,107,232,213,219,251,251,254
	.byte 254,60,190,255,255,255,255,255
	.byte 143,135,135,143,190,60,61,255
	.byte 253,191,175,231,255,255,255,255
	.byte 255,251,225,193,193,128,129,128
	.byte 155,155,155,155,219,223,239,239
	.byte 191,238,191,255,191,255,251,239
	.byte 191,254,187,254,255,254,255,255
	.byte 186,190,191,239,187,234,187,238
	.byte 187,239,187,239,255,255,159,255
	.byte 251,254,255,95,127,105,169,238
	.byte 238,187,254,191,186,155,248,244
	.byte 158,174,190,237,189,189,59,59
	.byte 254,253,238,230,235,111,255,255
	.byte 127,255,254,252,252,252,251,251
	.byte 255,175,47,15,47,63,191,191
	.byte 94,182,202,192,192,227,187,255
	.byte 185,122,246,187,175,187,127,255
	.byte 254,255,111,159,223,255,255,255
	.byte 253,238,253,254,255,247,255,255
	.byte 255,255,255,231,190,182,118,250
	.byte 191,239,191,255,255,95,157,123
	.byte 255,127,251,171,107,105,110,127
	.byte 170,170,234,254,247,251,251,251
	.byte 255,255,254,251,239,254,237,253
	.byte 191,190,189,246,249,250,187,237
	.byte 223,255,255,251,249,251,219,219
	.byte 253,255,255,251,221,254,222,254
	.byte 255,127,255,190,126,239,127,118
	.byte 223,239,239,255,255,255,255,255
	.byte 255,255,255,255,255,239,175,239
	.byte 111,235,127,191,223,255,255,251
	.byte 235,234,250,246,246,246,246,245
	.byte 255,255,255,255,255,252,252,252
	.byte 154,122,123,187,191,191,191,165

	.byte 58,58,59,52,16,16,48,16
	.byte 173,233,235,255,141,132,143,143
	.byte 147,43,7,7,4,4,11,11
	.byte 142,176,159,95,98,163,191,159
	.byte 188,208,32,219,250,254,64,192
	.byte 43,42,234,241,195,240,44,213
	.byte 127,247,249,216,92,108,232,160
	.byte 254,15,5,6,10,139,11,67
	.byte 255,191,119,187,249,116,171,111
	.byte 2,0,2,4,2,204,62,60
	.byte 235,203,219,199,23,72,33,132
	.byte 255,255,255,255,255,255,191,111
	.byte 255,255,191,239,187,238,187,238
	.byte 253,255,255,255,191,239,191,255
	.byte 255,255,255,255,191,191,159,107
	.byte 255,255,255,254,255,254,229,165
	.byte 248,254,254,255,255,255,191,173
	.byte 31,31,127,255,255,222,250,218
	.byte 255,255,254,254,249,251,235,231
	.byte 90,153,85,183,255,250,235,250
	.byte 234,110,127,250,250,125,229,117
	.byte 255,255,95,218,251,253,185,246
	.byte 239,255,255,255,191,95,110,123
	.byte 255,255,253,255,255,253,238,238
	.byte 251,249,101,246,253,191,173,175
	.byte 175,111,173,175,229,238,237,221
	.byte 251,254,190,190,239,174,209,133
	.byte 235,233,233,235,111,207,203,233
	.byte 255,255,191,175,191,191,255,255
	.byte 255,255,255,254,230,246,103,235
	.byte 174,254,255,250,249,250,250,250
	.byte 190,190,189,126,121,254,219,111
	.byte 254,254,253,185,217,170,110,107
	.byte 255,255,110,110,107,126,123,103
	.byte 165,150,234,245,247,235,235,213
	.byte 159,159,191,191,175,175,165,101
	.byte 251,190,255,254,255,247,247,214
	.byte 175,174,190,124,111,99,147,108
	.byte 248,184,248,248,248,216,144,24
	.byte 40,16,31,31,15,74,139,220

	.byte 224,224,224,224,224,231,254,150
	.byte 201,229,224,224,208,192,192,192
	.byte 10,251,223,62,9,9,1,1
	.byte 145,144,116,12,204,191,167,175
	.byte 0,0,0,0,0,0,0,0
	.byte 121,104,106,110,63,31,15,27
	.byte 51,16,179,48,179,160,98,64
	.byte 1,193,2,195,3,131,131,192
	.byte 172,44,232,252,140,140,196,192
	.byte 25,57,11,59,12,12,48,12
	.byte 32,64,128,0,3,15,253,252
	.byte 9,1,7,159,115,203,43,43
	.byte 255,187,239,171,187,255,191,173
	.byte 255,255,254,250,240,248,253,173
	.byte 95,127,218,214,250,250,250,190
	.byte 255,255,255,239,247,249,170,219
	.byte 181,181,190,238,109,239,235,251
	.byte 189,189,151,176,224,239,232,191
	.byte 255,247,247,223,250,234,229,159
	.byte 251,250,250,154,214,230,246,245
	.byte 245,247,255,255,255,175,175,186
	.byte 233,239,237,214,233,239,239,250
	.byte 235,229,237,239,175,174,182,187
	.byte 172,188,180,174,190,159,253,251
	.byte 175,175,45,13,15,13,173,231
	.byte 247,247,221,254,250,232,169,167
	.byte 178,206,254,201,37,90,124,179
	.byte 126,255,255,255,127,185,187,121
	.byte 250,237,239,175,111,126,127,255
	.byte 119,167,253,254,150,182,242,74
	.byte 187,89,127,255,171,175,255,234
	.byte 122,255,215,0,0,128,168,240
	.byte 239,214,102,169,42,59,63,63
	.byte 222,246,222,255,251,90,90,255
	.byte 159,223,255,189,165,233,235,251
	.byte 148,188,116,248,248,216,216,224
	.byte 11,7,3,0,0,0,0,0
	.byte 196,201,202,0,0,2,3,7
	.byte 48,112,245,127,175,188,176,176
	.byte 255,210,225,146,146,50,14,14

	.byte 162,2,19,243,7,8,4,16
	.byte 128,128,79,12,0,0,0,0
	.byte 3,41,33,3,3,2,60,188
	.byte 255,126,252,124,172,172,172,20
	.byte 0,0,0,0,0,0,0,0
	.byte 233,61,14,50,50,63,0,44
	.byte 64,192,128,159,190,1,0,0
	.byte 0,0,0,64,224,180,44,13
	.byte 176,56,60,13,14,15,2,0
	.byte 32,3,15,60,16,144,96,192
	.byte 208,194,11,47,47,63,63,63
	.byte 170,235,251,239,255,253,245,245
	.byte 169,89,149,230,255,255,190,190
	.byte 197,6,58,43,92,179,204,240
	.byte 95,245,253,159,175,41,10,32
	.byte 217,219,155,187,123,218,255,119
	.byte 158,234,56,204,63,143,111,155
	.byte 202,174,126,78,255,225,17,30
	.byte 145,205,211,235,170,190,207,51
	.byte 159,223,223,239,239,111,111,175
	.byte 190,254,238,218,217,177,112,120
	.byte 185,217,230,247,235,223,175,191
	.byte 249,121,234,242,179,176,192,64
	.byte 123,187,235,111,254,238,91,255
	.byte 183,126,250,187,126,110,149,213
	.byte 246,246,250,105,171,175,95,95
	.byte 204,243,204,240,192,0,0,0
	.byte 41,45,38,41,52,48,240,127
	.byte 254,251,177,249,97,201,201,205
	.byte 113,76,50,76,50,200,48,136
	.byte 149,159,39,15,13,14,14,14
	.byte 80,255,255,106,2,0,0,0
	.byte 107,123,123,217,189,159,150,180
	.byte 87,124,156,144,224,240,160,128
	.byte 90,6,2,14,15,3,1,3
	.byte 216,248,120,176,176,240,240,192
	.byte 0,0,0,15,7,60,156,236
	.byte 6,6,9,201,27,203,59,55
	.byte 192,0,0,192,0,0,0,0
	.byte 11,3,1,3,0,0,0,0

	.byte 144,0,0,192,0,0,0,0
	.byte 3,3,0,252,208,144,160,144
	.byte 252,96,128,0,0,0,0,0
	.byte 40,228,52,39,27,40,244,244
	.byte 80,252,254,224,245,152,2,43
	.byte 40,56,24,64,16,204,236,240
	.byte 0,0,0,0,12,12,3,3
	.byte 13,2,2,2,3,3,3,3
	.byte 0,0,0,0,0,128,192,64
	.byte 128,128,255,46,58,14,1,13
	.byte 127,255,254,250,252,248,252,127
	.byte 234,218,250,250,246,62,62,62
	.byte 214,222,219,220,243,248,251,252
	.byte 192,48,192,0,0,0,0,0
	.byte 3,3,3,48,12,0,0,0
	.byte 208,208,220,252,236,248,40,56
	.byte 56,44,14,15,10,4,12,36
	.byte 62,45,44,44,60,124,189,173
	.byte 12,3,0,0,0,0,0,0
	.byte 218,186,190,191,159,189,189,187
	.byte 40,14,13,11,67,193,99,179
	.byte 122,122,187,56,61,61,45,29
	.byte 0,27,127,250,238,208,208,192
	.byte 48,91,255,248,184,36,12,4
	.byte 63,229,253,249,47,46,11,11
	.byte 246,233,168,232,228,255,255,184
	.byte 0,128,195,195,129,249,175,6
	.byte 95,127,111,229,175,191,159,191
	.byte 119,255,254,246,254,183,165,251
	.byte 48,136,48,200,50,76,242,204
	.byte 9,9,11,8,11,204,12,252
	.byte 0,0,0,0,0,0,0,0
	.byte 228,39,239,31,62,253,6,201
	.byte 128,169,191,255,255,223,119,196
	.byte 2,170,250,255,255,255,125,137
	.byte 179,188,147,76,64,192,64,176
	.byte 112,236,243,192,0,0,0,0
	.byte 12,6,7,38,23,175,175,206
	.byte 0,0,0,192,192,192,128,64
	.byte 0,8,9,12,44,60,60,104

	.byte 0,3,2,14,13,13,9,57
	.byte 48,240,64,64,128,128,192,192
	.byte 0,0,2,3,3,2,3,1
	.byte 248,244,116,124,188,128,176,160
	.byte 15,5,3,14,10,15,12,51
	.byte 255,42,90,126,207,51,204,3
	.byte 133,244,188,255,175,175,175,75
	.byte 3,0,3,1,79,159,175,167
	.byte 64,224,208,240,176,144,144,176
	.byte 11,11,4,7,15,12,3,8
	.byte 218,58,54,246,14,14,49,193
	.byte 13,9,73,249,251,218,250,250
	.byte 176,188,176,132,176,128,48,64
	.byte 0,0,0,0,0,0,0,0
	.byte 0,0,0,0,0,0,0,0
	.byte 52,134,55,14,46,14,12,12
	.byte 218,189,207,0,0,0,0,0
	.byte 102,190,194,50,194,51,0,3
	.byte 192,188,179,188,179,188,12,3
	.byte 34,227,243,195,191,143,156,86
	.byte 123,43,42,9,12,12,14,15
	.byte 62,62,30,24,49,60,33,108
	.byte 0,128,0,0,0,192,0,204
	.byte 14,47,41,9,1,3,3,3
	.byte 9,2,0,192,192,0,0,192
	.byte 120,104,72,60,184,243,242,210
	.byte 57,53,6,22,178,190,254,222
	.byte 237,172,172,180,208,192,192,192
	.byte 251,255,26,207,61,205,54,246
	.byte 241,204,112,128,48,128,12,128
	.byte 235,216,171,235,12,51,12,0
	.byte 0,0,0,3,0,0,0,3
	.byte 31,46,62,60,113,180,177,240
	.byte 48,192,0,192,0,0,0,0
	.byte 3,0,0,0,0,0,0,0
	.byte 32,172,16,204,16,195,32,12
	.byte 1,3,3,3,2,2,3,3
	.byte 111,99,64,192,195,194,194,193
	.byte 192,192,192,192,96,192,96,192
	.byte 3,2,0,0,0,0,0,0

	.byte 47,46,44,124,124,184,181,177
	.byte 64,64,125,119,173,171,175,47
	.byte 13,55,223,254,171,174,171,235
	.byte 247,245,255,234,187,235,187,235
	.byte 68,64,192,192,192,128,128,128
	.byte 12,3,0,3,0,0,0,0
	.byte 214,54,254,54,198,54,206,50
	.byte 255,255,235,239,235,235,171,234
	.byte 56,60,30,46,45,30,28,108
	.byte 51,36,163,236,3,12,3,3
	.byte 51,204,51,192,35,128,34,196
	.byte 248,189,47,79,11,75,19,66
	.byte 0,0,0,128,192,224,254,191
	.byte 0,0,0,0,0,0,0,192
	.byte 0,0,0,0,0,0,0,3
	.byte 44,12,60,60,188,246,239,205
	.byte 0,0,0,0,0,2,74,255
	.byte 12,3,3,3,32,128,208,131
	.byte 86,206,202,250,235,235,239,237
	.byte 223,159,175,136,128,0,0,0
	.byte 15,71,180,164,44,12,60,12
	.byte 18,4,18,12,144,203,243,195
	.byte 1,11,56,160,192,66,15,61
	.byte 239,166,3,0,216,103,193,3
	.byte 192,128,64,224,40,4,203,79
	.byte 112,179,240,252,60,60,48,48
	.byte 57,61,14,14,15,51,0,0
	.byte 128,144,131,246,254,77,0,0
	.byte 3,3,131,235,87,150,43,3
	.byte 112,96,96,160,188,240,12,0
	.byte 0,2,0,0,2,7,31,122
	.byte 0,0,0,0,10,223,255,218
	.byte 112,96,192,248,240,232,112,127
	.byte 0,0,0,0,0,48,0,0
	.byte 0,0,0,0,0,0,0,0
	.byte 48,0,12,48,204,48,192,48
	.byte 1,0,0,0,0,2,3,11
	.byte 195,143,47,62,220,120,224,128
	.byte 112,128,0,0,0,0,0,0
	.byte 0,0,0,0,0,0,0,0

	.byte 176,208,224,192,64,128,0,0
	.byte 57,202,50,12,51,12,15,12
	.byte 153,165,242,204,51,204,48,0
	.byte 86,170,63,207,48,200,48,12
	.byte 0,0,0,0,0,0,128,12
	.byte 0,0,0,0,0,0,0,0
	.byte 206,50,14,50,14,50,13,3
	.byte 95,111,111,254,250,187,187,171
	.byte 132,136,132,192,208,208,192,192
	.byte 3,3,0,0,0,0,0,0
	.byte 51,56,48,140,48,72,18,132
	.byte 7,54,188,252,160,56,16,158
	.byte 0,0,0,0,0,192,0,0
	.byte 160,59,51,4,32,0,0,0
	.byte 11,143,47,123,51,133,32,40
	.byte 66,129,208,176,176,116,46,7
	.byte 85,247,191,43,10,0,2,96
	.byte 114,66,114,64,50,192,48,248
	.byte 252,252,188,184,32,136,0,0
	.byte 0,0,0,0,0,0,0,0
	.byte 0,0,0,3,0,0,0,3
	.byte 19,15,6,2,2,2,3,3
	.byte 176,192,0,0,0,0,0,0
	.byte 0,0,0,0,0,0,0,0
	.byte 147,27,7,14,3,3,3,3
	.byte 0,0,2,14,15,0,0,0
	.byte 12,115,167,164,48,0,0,0
	.byte 253,255,166,0,0,0,0,0
	.byte 2,141,78,176,32,48,3,13
	.byte 162,93,235,43,11,15,214,119
	.byte 172,227,192,64,0,0,0,0
	.byte 192,51,204,51,0,0,0,0
	.byte 201,50,206,48,0,3,0,0
	.byte 64,179,172,163,236,15,220,4
	.byte 0,3,0,0,0,0,0,0
	.byte 192,0,192,0,0,3,3,0
	.byte 13,14,44,20,120,184,48,48
	.byte 0,0,0,0,0,0,0,0
	.byte 0,0,0,0,0,0,0,0
	.byte 0,0,0,0,2,3,7,6


//; The following two first values are border and background
colora:
  .byte 6,0
	.byte 11,11,11,11,227,11,62,11,11,11,11,235,6,6,235,190,14,14,14,206,206,60,230,12,11,6,12,12,11,206,11,11,14,11,14,14,11,14,14,11
	.byte 11,14,110,14,3,62,227,11,6,227,190,190,190,235,14,14,14,54,99,3,14,3,195,108,236,203,203,108,108,227,12,11,14,14,110,14,110,14,14,11
	.byte 198,11,227,227,14,11,198,67,62,6,227,62,206,62,227,62,99,206,206,14,14,14,19,19,60,110,235,188,179,60,198,198,14,230,107,110,14,198,11,6
	.byte 198,11,14,14,227,235,14,235,62,62,62,227,110,110,3,110,236,207,15,179,193,241,155,3,3,195,99,235,179,107,203,188,188,191,172,11,203,203,198,6
	.byte 6,198,14,11,110,54,99,195,62,14,99,99,14,110,14,14,251,12,1,9,156,11,9,243,14,206,206,236,108,230,99,111,206,254,107,182,79,190,6,11
	.byte 11,206,14,14,235,203,206,99,14,3,54,99,14,99,99,14,19,191,188,220,185,9,249,3,14,254,14,207,239,227,125,243,230,111,15,239,15,182,203,198
	.byte 14,230,14,6,203,203,190,190,14,6,62,54,62,99,99,14,179,27,12,1,1,1,251,179,14,254,3,15,15,127,239,207,60,195,195,124,127,111,111,191
	.byte 11,235,198,11,6,230,182,246,99,110,62,78,3,3,3,14,11,27,251,203,15,1,1,3,14,254,15,15,3,254,239,15,127,7,247,115,199,127,15,191
	.byte 14,230,198,236,239,108,107,188,110,203,236,78,6,99,110,14,203,195,155,11,0,14,179,225,14,15,15,15,31,30,126,15,127,247,183,241,7,207,12,191
	.byte 14,14,59,254,227,236,239,254,235,252,252,227,110,78,67,14,126,126,206,235,235,236,254,239,15,191,191,31,1,177,183,23,3,23,3,55,7,15,7,191
	.byte 12,110,70,99,254,206,62,206,254,59,191,191,252,206,14,231,227,7,7,23,247,63,247,247,15,15,15,241,3,23,183,49,1,55,49,1,241,23,124,252
	.byte 12,252,206,63,211,7,63,7,15,252,127,19,113,7,7,19,113,113,23,55,241,31,49,19,115,113,241,241,3,113,1,1,1,7,55,7,247,124,251,207
	.byte 12,207,199,7,15,15,15,7,243,7,207,243,49,59,179,177,183,183,203,1,1,7,252,247,49,252,191,1,3,113,19,7,7,49,23,23,23,15,11,12
	.byte 44,250,15,247,1,1,241,23,3,63,127,247,7,183,191,183,183,191,179,3,3,115,177,243,3,159,241,15,241,27,23,55,115,19,127,55,124,207,113,251
	.byte 188,113,15,7,7,7,247,247,23,23,63,23,247,188,191,251,251,115,177,1,1,1,195,156,195,243,191,63,31,3,23,23,19,19,23,63,7,31,7,251
	.byte 203,31,169,207,202,151,127,23,23,127,167,31,247,7,7,7,7,115,113,23,115,3,1,1,241,241,31,63,243,1,115,1,115,1,19,241,31,23,199,251
	.byte 151,172,156,1,207,47,183,167,193,247,162,247,7,247,247,7,7,247,241,115,247,241,207,3,243,243,3,31,3,215,7,15,127,1,241,55,31,55,49,62
	.byte 241,241,202,253,145,175,9,193,39,47,178,7,7,7,199,247,193,183,63,63,15,63,127,243,243,250,243,241,49,111,247,244,243,227,79,15,31,110,3,60
	.byte 113,177,252,207,207,241,251,252,247,178,42,47,7,247,175,199,127,252,127,31,193,252,111,244,252,241,47,114,4,100,167,247,79,23,31,244,243,31,251,190
	.byte 191,188,28,183,0,159,185,31,156,193,41,31,175,159,175,130,194,207,47,44,194,207,140,26,124,162,31,161,113,242,111,199,31,251,22,246,100,110,177,207
	.byte 155,207,25,172,0,162,191,42,155,137,41,248,127,241,123,122,26,31,159,247,146,26,152,168,242,177,11,241,28,171,251,251,20,235,108,75,22,241,11,123
	.byte 150,31,114,23,41,154,9,186,185,40,152,207,171,11,11,31,250,154,11,123,172,242,191,127,25,146,27,242,193,155,111,0,241,251,127,241,179,28,250,155
	.byte 23,29,169,113,159,23,159,241,168,130,40,162,159,0,0,27,127,250,2,26,155,145,12,25,41,155,47,177,209,207,140,11,188,11,12,31,191,22,54,15
	.byte 146,162,114,24,185,11,111,7,137,43,130,156,12,9,8,27,155,43,154,114,247,121,188,19,220,18,18,151,41,28,123,52,27,11,0,11,188,22,254,0
	.byte 250,130,130,130,9,0,206,124,156,9,137,137,9,41,203,247,26,169,9,0,9,156,12,0,252,7,247,203,252,28,148,11,28,193,11,11,230,0,0,135

//; The following goes to $D800 onwards
colorb:
	.byte 11,11,11,11,11,11,11,11,11,6,6,6,11,11,6,6,6,6,6,6,3,14,12,6,6,11,11,11,11,11,11,11,11,11,11,11,11,11,11,11
	.byte 6,11,11,11,11,11,11,6,11,6,6,6,6,6,6,6,6,14,14,14,3,14,14,14,6,6,14,11,11,11,11,11,11,11,11,11,11,11,11,11
	.byte 11,14,11,11,11,11,11,6,6,6,6,6,6,6,6,6,14,3,3,3,3,3,14,14,14,12,12,6,12,11,11,14,11,11,14,11,11,11,11,11
	.byte 11,6,11,11,11,3,11,6,6,6,6,6,3,3,14,3,3,1,1,1,3,11,1,1,14,14,14,3,12,12,6,6,6,14,14,6,6,14,11,11
	.byte 11,14,11,11,11,14,14,6,6,3,14,14,3,3,3,3,3,1,1,11,11,9,1,1,3,3,3,3,3,3,12,12,6,12,12,14,14,12,11,6
	.byte 11,6,11,11,6,3,3,14,14,14,14,14,3,14,14,3,15,1,1,1,1,1,1,1,3,3,3,3,3,15,3,14,12,12,12,12,12,12,6,11
	.byte 11,11,11,11,14,6,6,3,3,14,6,14,6,14,14,3,15,15,1,1,1,1,1,1,3,3,15,3,3,3,3,3,15,15,15,15,12,12,12,12
	.byte 11,6,11,6,11,11,14,14,14,3,6,6,14,14,14,3,3,15,1,1,1,1,1,1,3,3,3,3,15,3,3,3,3,3,3,15,15,12,12,12
	.byte 11,11,11,15,6,11,14,14,12,14,3,3,14,14,3,3,3,15,15,11,0,11,1,3,3,3,3,3,3,3,3,3,3,3,3,7,1,7,15,12
	.byte 11,11,14,3,15,15,12,12,12,14,14,15,3,6,14,3,3,3,3,3,3,3,3,3,3,3,3,3,3,3,3,3,7,3,7,1,1,7,15,12
	.byte 11,11,14,14,3,15,15,15,11,12,3,3,3,3,3,3,7,3,3,3,3,7,3,3,3,3,3,3,1,3,3,7,7,1,7,7,7,15,15,11
	.byte 11,11,15,14,15,15,7,15,7,7,3,7,3,3,3,7,3,3,3,1,7,7,7,7,15,3,3,3,1,3,7,7,1,1,1,1,1,15,12,11
	.byte 11,11,15,15,7,7,7,15,7,3,7,7,7,7,7,7,1,1,7,7,7,1,1,1,7,3,3,3,1,3,7,1,1,7,15,15,15,12,12,11
	.byte 11,12,7,1,7,7,7,15,7,7,3,1,1,1,1,1,1,1,1,1,1,1,3,1,1,3,3,1,3,3,3,1,1,7,3,15,15,7,12,12
	.byte 15,15,7,15,15,1,1,1,15,15,7,3,1,1,1,1,1,1,3,3,3,3,1,1,1,1,3,1,3,3,3,3,7,7,3,7,15,7,1,12
	.byte 15,10,7,7,7,15,1,15,15,1,1,7,1,1,1,1,1,1,3,3,1,1,3,3,3,3,3,1,1,3,1,3,1,7,7,7,7,15,1,12
	.byte 11,15,7,7,7,10,1,1,7,1,1,1,1,1,1,1,1,1,7,1,1,7,1,1,1,1,1,3,1,1,1,1,1,7,7,1,7,1,15,15
	.byte 12,11,9,7,15,1,7,7,1,1,10,1,1,1,1,1,7,1,1,1,1,1,1,1,1,3,1,3,7,7,1,1,7,1,1,1,7,11,3,1
	.byte 15,15,10,11,11,12,7,1,1,1,15,1,1,1,1,1,1,1,1,12,15,1,1,1,1,10,1,15,1,7,1,6,7,6,7,1,1,11,3,6
	.byte 12,15,15,15,0,10,12,10,11,9,15,6,1,1,1,10,10,11,11,15,15,10,2,7,15,15,11,15,15,1,1,15,4,7,15,1,1,15,15,11
	.byte 2,9,15,7,0,9,10,15,12,10,10,10,10,11,1,1,9,12,11,2,10,2,2,2,9,2,11,12,15,2,1,1,15,6,11,15,11,11,11,15
	.byte 2,9,10,10,8,8,9,2,2,9,10,11,12,11,11,12,7,15,11,1,15,9,1,1,2,10,15,1,15,2,11,0,11,1,1,11,6,15,2,12
	.byte 9,15,2,10,11,11,7,9,7,9,9,8,11,0,0,15,2,9,9,9,10,10,9,7,11,12,11,15,11,11,11,11,15,11,12,11,12,11,15,6
	.byte 7,8,10,10,2,11,11,1,7,9,9,15,15,9,8,12,7,9,2,1,10,11,13,12,11,9,9,11,11,11,1,1,15,11,0,11,1,3,6,0
	.byte 7,9,9,9,2,0,11,15,15,9,2,2,9,8,10,1,7,2,2,0,9,11,15,0,11,9,11,15,11,15,11,11,11,11,11,11,3,0,0,1

